

Dimensions	Nom carte
22/22/		Carte Base
0000000000000000000000
0111111111111111111110
0111111111111111111110
0111111111111111111110
0100000000000000000000
0111111111111111111110
0111111111111111111110
0000000000000000001110
0111111111111111111110
0111111111001111000000
0111111111001111111110
0111111111111111111110
0111111111111111111110
0111111111111111111110
0111111111111111111110
0111111111110000000000
0111111111110111111110
0111111111110111111110
0111111111110111111110
0111111111111111111110
0111111111111111111110
0000000000000000000000



